
-------cifar10
--water_power: 0.2
--cgd_ratio: 0.2
------0.9991998399679936,0.7507507507507507,0.996999399879976,0.7387387387387387,0.9985997199439888,0.7217217217217218,0.9981996399279855,0.7487487487487487,
-------cifar10
--water_power: 0.2
--cgd_ratio: 0.2
------
-------cifar10
--water_power: 0.2
--cgd_ratio: 0.2
------
-------cifar10
--water_power: 0.2
--cgd_ratio: 0.2
------
-------cifar10
--water_power: 0.2
--cgd_ratio: 0.2
------0.9827965593118624,0.4984984984984985,
-------cifar10
--water_power: 0.2
--cgd_ratio: 0.2
------0.9981996399279855,0.7487487487487487,
-------cifar10
--water_power: 0.2
--cgd_ratio: 0.2
------0.9981996399279855,0.7487487487487487,
-------cifar10
--water_power: 0.2
--cgd_ratio: 0.2
------0.9981996399279855,0.7487487487487487,
-------cifar10
--water_power: 0.2
--cgd_ratio: 0.2
------0.9981996399279855,0.7487487487487487,
-------cifar10
--water_power: 0.2
--cgd_ratio: 0.2
------0.9981996399279855,0.7487487487487487,
-------cifar10
--water_power: 0.2
--cgd_ratio: 0.2
------0.9981996399279855,0.7487487487487487,0.9975995199039808,0.5035035035035035,
-------cifar10
--water_power: 0.2
--cgd_ratio: 0.2
------0.9981996399279855,0.7487487487487487,0.9995999199839968,0.5545545545545546,0.9695939187837568,0.41541541541541543,0.9873974794958992,0.44344344344344344,0.9987997599519904,0.5385385385385385,0.9987997599519904,0.5075075075075075,0.9981996399279855,0.5285285285285285,0.9993998799759952,0.5145145145145145,0.9995999199839968,0.5475475475475475,0.9985997199439888,0.5295295295295295,0.9981996399279855,0.5465465465465466,0.9993998799759952,0.5365365365365365,0.9995999199839968,0.5475475475475475,0.9995999199839968,0.5505505505505506,0.9997999599919984,0.5135135135135135,0.996999399879976,0.5095095095095095,0.9983996799359872,0.5445445445445446,0.9995999199839968,0.5435435435435435,0.9985997199439888,0.5315315315315315,0.9987997599519904,0.4774774774774775,0.9991998399679936,0.5295295295295295,0.9993998799759952,0.5445445445445446,0.9839967993598719,0.44544544544544545,0.9983996799359872,0.5335335335335335,0.9985997199439888,0.5505505505505506,0.9983996799359872,0.5295295295295295,0.9991998399679936,0.5605605605605606,0.9691938387677536,0.5335335335335335,0.9991998399679936,0.5485485485485485,0.9961992398479695,0.5335335335335335,0.998999799959992,0.5495495495495496,0.9981996399279855,0.5305305305305306,0.9977995599119824,0.5105105105105106,0.9783956791358271,0.42242242242242245,0.9991998399679936,0.5475475475475475,0.9997999599919984,0.5355355355355356,0.998999799959992,0.5425425425425425,0.9987997599519904,0.5335335335335335,0.9991998399679936,0.5505505505505506,0.998999799959992,0.5525525525525525,0.9995999199839968,0.5435435435435435,0.998999799959992,0.5045045045045045,0.9993998799759952,0.5285285285285285,0.9991998399679936,0.5475475475475475,0.9993998799759952,0.5445445445445446,0.9995999199839968,0.5295295295295295,0.9973994798959792,0.4874874874874875,0.9995999199839968,0.5455455455455456,0.9985997199439888,0.5295295295295295,0.998999799959992,0.5595595595595596,0.9987997599519904,0.5205205205205206,0.9987997599519904,0.5265265265265265,0.9977995599119824,0.4954954954954955,0.997999599919984,0.5415415415415415,0.9991998399679936,0.5375375375375375,0.998999799959992,0.5205205205205206,0.9985997199439888,0.5305305305305306,0.9997999599919984,0.5435435435435435,0.9991998399679936,0.5405405405405406,0.9983996799359872,0.4964964964964965,0.9991998399679936,0.5415415415415415,0.9963992798559712,0.4914914914914915,0.9973994798959792,0.5315315315315315,0.9975995199039808,0.46646646646646645,0.9987997599519904,0.5325325325325325,0.998999799959992,0.5235235235235235,0.998999799959992,0.5245245245245245,0.9971994398879775,0.5265265265265265,0.9985997199439888,0.5515515515515516,0.9991998399679936,0.5395395395395396,0.997999599919984,0.5075075075075075,0.997999599919984,0.5485485485485485,0.9987997599519904,0.5275275275275275,0.9995999199839968,0.5425425425425425,0.9987997599519904,0.5295295295295295,0.9987997599519904,0.5455455455455456,0.9995999199839968,0.5585585585585585,0.9993998799759952,0.5345345345345346,0.9957991598319664,0.47147147147147145,0.998999799959992,0.5315315315315315,0.9995999199839968,0.5385385385385385,0.998999799959992,0.5145145145145145,0.9987997599519904,0.5615615615615616,0.9987997599519904,0.5025025025025025,0.9993998799759952,0.5355355355355356,0.9987997599519904,0.5365365365365365,0.9955991198239648,0.5365365365365365,0.9965993198639728,0.46546546546546547,0.9965993198639728,0.4964964964964965,
-------cifar10
--water_power: 0.2
--cgd_ratio: 0.2
------0.9981996399279855,0.7487487487487487,0.9993998799759952,0.5595595595595596,0.9987997599519904,0.5685685685685685,0.9985997199439888,0.5505505505505506,0.998999799959992,0.5385385385385385,0.9993998799759952,0.5175175175175175,0.9991998399679936,0.5405405405405406,0.9983996799359872,0.5165165165165165,0.9983996799359872,0.5205205205205206,0.9997999599919984,0.5675675675675675,0.9993998799759952,0.5375375375375375,0.9975995199039808,0.4954954954954955,0.9981996399279855,0.5135135135135135,0.998999799959992,0.5425425425425425,0.9937987597519504,0.4574574574574575,0.996999399879976,0.4894894894894895,0.9963992798559712,0.4804804804804805,0.998999799959992,0.5455455455455456,0.9983996799359872,0.4964964964964965,0.9987997599519904,0.5555555555555556,0.9985997199439888,0.5325325325325325,0.9997999599919984,0.5255255255255256,0.9991998399679936,0.5295295295295295,0.9973994798959792,0.5465465465465466,0.9987997599519904,0.5505505505505506,0.998999799959992,0.5445445445445446,0.998999799959992,0.5355355355355356,0.6945389077815564,0.24024024024024024,0.9937987597519504,0.4804804804804805,0.9981996399279855,0.5275275275275275,0.997999599919984,0.5375375375375375,0.997999599919984,0.5255255255255256,0.9991998399679936,0.5075075075075075,0.9973994798959792,0.5075075075075075,0.998999799959992,0.5215215215215215,
-------cifar10
--water_power: 0.2
--cgd_ratio: 0.2
------0.9981996399279855,0.7487487487487487,
-------cifar10
--water_power: 0.2
--cgd_ratio: 0.2
------0.9981996399279855,0.7487487487487487,0.9981996399279855,0.5715715715715716,0.9997999599919984,0.5415415415415415,0.9983996799359872,0.5465465465465466,0.9987997599519904,0.5365365365365365,0.9981996399279855,0.5325325325325325,0.9973994798959792,0.5075075075075075,0.9995999199839968,0.5465465465465466,0.9973994798959792,0.5435435435435435,0.9973994798959792,0.5025025025025025,0.998999799959992,0.5285285285285285,0.9987997599519904,0.5465465465465466,0.9993998799759952,0.5185185185185185,0.98999799959992,0.43543543543543545,0.998999799959992,0.5395395395395396,0.9967993598719744,0.5165165165165165,0.9991998399679936,0.5455455455455456,0.9983996799359872,0.5325325325325325,0.9763952790558111,0.4124124124124124,0.9983996799359872,0.5145145145145145,
-------cifar10
--water_power: 0.2
--cgd_ratio: 0.4
------0.9981996399279855,0.7487487487487487,1.0,0.4674674674674675,0.9991998399679936,0.44044044044044045,0.9985997199439888,0.41541541541541543,1.0,0.44344344344344344,0.9995999199839968,0.45545545545545546,0.9997999599919984,0.45045045045045046,0.9993998799759952,0.4294294294294294,0.9997999599919984,0.44244244244244246,0.998999799959992,0.44244244244244246,0.9997999599919984,0.41541541541541543,0.998999799959992,0.4624624624624625,0.9907981596319264,0.3483483483483483,0.9965993198639728,0.36436436436436437,0.9985997199439888,0.43343343343343343,1.0,0.45145145145145144,0.9993998799759952,0.44344344344344344,0.9995999199839968,0.4164164164164164,0.9957991598319664,0.37037037037037035,0.9997999599919984,0.42742742742742745,0.9987997599519904,0.47647647647647645,0.9985997199439888,0.4044044044044044,0.9891978395679136,0.34134134134134136,0.9995999199839968,0.42042042042042044,0.998999799959992,0.42842842842842843,0.9991998399679936,0.42842842842842843,0.9995999199839968,0.43743743743743746,0.998999799959992,0.44644644644644643,0.9997999599919984,0.45845845845845845,0.9975995199039808,0.4014014014014014,0.9997999599919984,0.43343343343343343,0.9997999599919984,0.4624624624624625,0.9997999599919984,0.47347347347347346,0.9941988397679536,0.4794794794794795,0.9993998799759952,0.4184184184184184,0.9995999199839968,0.42742742742742745,0.9995999199839968,0.4094094094094094,0.9993998799759952,0.3973973973973974,0.9997999599919984,0.48348348348348347,0.9993998799759952,0.42742742742742745,0.9995999199839968,0.4114114114114114,0.998999799959992,0.4164164164164164,0.9997999599919984,0.42742742742742745,0.9995999199839968,0.43243243243243246,0.9997999599919984,0.48348348348348347,0.9993998799759952,0.3993993993993994,0.9997999599919984,0.4594594594594595,1.0,0.4294294294294294,0.9997999599919984,0.47347347347347346,1.0,0.43843843843843844,1.0,0.4444444444444444,1.0,0.44744744744744747,0.9995999199839968,0.45145145145145144,0.9957991598319664,0.45545545545545546,0.9993998799759952,0.4134134134134134,0.9997999599919984,0.47347347347347346,
-------cifar10
--water_power: 0.2
--cgd_ratio: 0.4
------0.9981996399279855,0.7487487487487487,
-------cifar10
--water_power: 0.2
--cgd_ratio: 0.4
------0.9981996399279855,0.7487487487487487,
-------cifar10
--water_power: 0.2
--cgd_ratio: 0.4
------0.9981996399279855,0.7487487487487487,1.0,0.5545545545545546,1.0,0.5465465465465466,1.0,0.5495495495495496,0.9995999199839968,0.5555555555555556,1.0,0.5265265265265265,0.9997999599919984,0.5335335335335335,0.9997999599919984,0.5485485485485485,0.9995999199839968,0.5315315315315315,1.0,0.5515515515515516,0.996999399879976,0.4864864864864865,1.0,0.5665665665665666,1.0,0.5585585585585585,0.9995999199839968,0.5485485485485485,0.9997999599919984,0.5365365365365365,0.9995999199839968,0.5085085085085085,0.9995999199839968,0.5315315315315315,0.9997999599919984,0.5155155155155156,
-------cifar10
--water_power: 0.2
--cgd_ratio: 0.4
------0.9981996399279855,0.7487487487487487,1.0,0.4544544544544545,0.997999599919984,0.45645645645645644,0.998999799959992,0.44344344344344344,0.9955991198239648,0.4174174174174174,1.0,0.46646646646646645,0.9995999199839968,0.4364364364364364,
-------cifar10
--water_power: 0.2
--cgd_ratio: 0.4
------0.9981996399279855,0.7487487487487487,
-------cifar10
--water_power: 0.2
--cgd_ratio: 0.4
------0.9981996399279855,0.7487487487487487,
-------cifar10
--water_power: 0.2
--cgd_ratio: 0.4
------0.9981996399279855,0.7487487487487487,
-------cifar10
--water_power: 0.2
--cgd_ratio: 0.4
------0.9981996399279855,0.7487487487487487,
-------cifar10
--water_power: 0.2
--cgd_ratio: 0.4
------0.9981996399279855,0.7487487487487487,
-------cifar10
--water_power: 0.2
--cgd_ratio: 0.4
------0.9981996399279855,0.7487487487487487,
-------cifar10
--water_power: 0.2
--cgd_ratio: 0.4
------0.9981996399279855,0.7487487487487487,
-------cifar10
--water_power: 0.2
--cgd_ratio: 0.4
------0.9981996399279855,0.7487487487487487,
-------cifar10
--water_power: 0.2
--cgd_ratio: 0.4
------0.9981996399279855,0.7487487487487487,
-------cifar10
--water_power: 0.2
--cgd_ratio: 0.4
------0.9981996399279855,0.7487487487487487,
-------cifar10
--water_power: 0.2
--cgd_ratio: 0.4
------0.9981996399279855,0.7487487487487487,
-------cifar10
--water_power: 0.2
--cgd_ratio: 0.4
------0.9981996399279855,0.7487487487487487,
-------cifar10
--water_power: 0.2
--cgd_ratio: 0.4
------0.9981996399279855,0.7487487487487487,
-------cifar10
--water_power: 0.2
--cgd_ratio: 0.4
------0.9981996399279855,0.7487487487487487,
-------cifar10
--water_power: 0.2
--cgd_ratio: 0.4
------0.9981996399279855,0.7487487487487487,
-------cifar10
--water_power: 0.2
--cgd_ratio: 0.4
------0.9981996399279855,0.7487487487487487,
-------cifar10
--water_power: 0.2
--cgd_ratio: 0.4
------0.9981996399279855,0.7487487487487487,
-------cifar10
--water_power: 0.2
--cgd_ratio: 0.4
------0.9981996399279855,0.7487487487487487,
-------cifar10
--water_power: 0.2
--cgd_ratio: 0.4
------0.9981996399279855,0.7487487487487487,
-------cifar10
--water_power: 0.2
--cgd_ratio: 0.4
------0.9981996399279855,0.7487487487487487,
-------cifar10
--water_power: 0.2
--cgd_ratio: 0.4
------0.9981996399279855,0.7487487487487487,
-------cifar10
--water_power: 0.2
--cgd_ratio: 0.4
------0.9981996399279855,0.7487487487487487,
-------cifar10
--water_power: 0.2
--cgd_ratio: 0.4
------0.9981996399279855,0.7487487487487487,
-------cifar10
--water_power: 0.2
--cgd_ratio: 0.4
------0.9981996399279855,0.7487487487487487,
-------cifar10
--water_power: 0.2
--cgd_ratio: 0.4
------0.9981996399279855,0.7487487487487487,
-------cifar10
--water_power: 0.2
--cgd_ratio: 0.4
------0.9981996399279855,0.7487487487487487,
-------cifar10
--water_power: 0.2
--cgd_ratio: 0.4
------0.9981996399279855,0.7487487487487487,
-------cifar10
--water_power: 0.2
--cgd_ratio: 0.4
------0.9981996399279855,0.7487487487487487,
-------cifar10
--water_power: 0.2
--cgd_ratio: 0.4
------0.9981996399279855,0.7487487487487487,